lsd_2

0 1
0 -> 1
1 -> 2

1 1
0 -> 3
1 -> 4

2 2
0 -> 5
1 -> 6

3 1
0 -> 7
1 -> 8

4 4
0 -> 9
1 -> 10

5 2
0 -> 11
1 -> 12

6 1
0 -> 13
1 -> 14

7 1
0 -> 3
1 -> 15

8 2
0 -> 8
1 -> 13

9 4
0 -> 4
1 -> 16

10 1
0 -> 10
1 -> 17

11 2
0 -> 5
1 -> 18

12 4
0 -> 12
1 -> 12

13 1
0 -> 13
1 -> 8

14 7
0 -> 19
1 -> 6

15 12
0 -> 15
1 -> 20

16 1
0 -> 16
1 -> 21

17 7
0 -> 17
1 -> 10

18 23
0 -> 18
1 -> 18

19 7
0 -> 19
1 -> 22

20 1
0 -> 20
1 -> 15

21 36
0 -> 21
1 -> 16

22 12
0 -> 22
1 -> 19
