lsd_2

0 0
0 -> 1
1 -> 2

1 0
0 -> 3
1 -> 4

2 1
0 -> 5
1 -> 6

3 0
0 -> 7
1 -> 8

4 2
0 -> 9
1 -> 10

5 1
0 -> 11
1 -> 12

6 0
0 -> 13
1 -> 14

7 0
0 -> 3
1 -> 15

8 1
0 -> 8
1 -> 13

9 2
0 -> 4
1 -> 16

10 0
0 -> 10
1 -> 17

11 1
0 -> 5
1 -> 18

12 2
0 -> 12
1 -> 12

13 0
0 -> 13
1 -> 8

14 3
0 -> 19
1 -> 6

15 4
0 -> 15
1 -> 20

16 0
0 -> 16
1 -> 21

17 3
0 -> 17
1 -> 10

18 5
0 -> 18
1 -> 18

19 3
0 -> 19
1 -> 22

20 0
0 -> 20
1 -> 15

21 6
0 -> 21
1 -> 16

22 4
0 -> 22
1 -> 19
